    0.276575     0.165867    -0.594283      0.22573   -0.0276442   -0.0588466   -0.0314728     -0.12083    0.0799392    0.0224452    -0.100659     0.143282    -0.115818     0.148351     0.123876   -0.0702579    0.0520703     0.118619     0.156824    -0.172532    -0.229085     0.207151     0.256302     0.392049     0.392569   -0.0460676   0.00580271     0.340698       -0.111    0.0874648   -0.0428867     0.103783    0.0675354    0.0125007   -0.0317531   -0.0253673    -0.295443   -0.0166471     -0.13555     0.303879     0.210632     0.114524    -0.054973    -0.168211    0.0963381      0.11217      0.10197     0.369861    -0.258966         0.11
    0.165867     0.465636    -0.333857     0.483587     0.197469   -0.0601476    0.0643261     0.177149     0.198329   -0.0199509   -0.0898595    -0.114452    0.0390403  -0.00758526     0.229444    -0.265094     0.136791     0.101207     0.268787    0.0687962   -0.0412701     0.339707     0.316959     0.527922     0.420255    -0.173371    -0.240117     0.400734    -0.316285    -0.135078    -0.262006     0.420464     0.314605    -0.188884   -0.0573453     0.125015     -0.48061    0.0489525    -0.201968     0.342687     0.379129     0.236288    -0.115705    -0.166933   -0.0648193     0.173862    -0.166286     0.465241    -0.447102     0.216041
   -0.594283    -0.333857      5.12982     0.311883    -0.369838     0.479515     0.930196      1.71725     0.169713     0.339611     0.819791    -0.595599    -0.207205   0.00736728     0.789518    -0.593021     0.810938    -0.137084     -1.53721       2.5932     0.397257     -1.35188    -0.811609    -0.660167      -1.9896    -0.695591    -0.972115    -0.268733    -0.221583     0.391921    -0.332595    -0.387889    0.0482049    -0.357054    -0.176302     0.763222     0.207703      1.15895     0.225509     -1.21065     0.263957    -0.691957    -0.901259      1.14408   -0.0580958     -1.26394     0.621201    -0.475626     0.641632    -0.376571
     0.22573     0.483587     0.311883      1.01469      0.04553   -0.0222049     0.171258     0.470014     0.349618   -0.0109122    0.0671016     0.100163    -0.304575      0.29871     0.617303    -0.602699     0.417566     0.237469    0.0898976     0.592651    -0.220707     0.181746     0.435669     0.970337     0.440571    -0.340763    -0.573859     0.819697    -0.451634     0.162177    -0.535193     0.528767     0.331593    -0.380413     -0.18792     0.331985    -0.868229     0.395924     -0.42675     0.486996     0.719276     0.182135    -0.383556   -0.0452809 -0.000483088    0.0516295     0.154304     0.882612    -0.650998     0.329707
  -0.0276442     0.197469    -0.369838      0.04553     0.932269    -0.022953    -0.319201     0.132761  -0.00328972    -0.531427    0.0843624    -0.299798     0.469379     -0.41522      -0.5891    -0.225532    -0.410773    -0.208348     0.718491    -0.161843     0.796295      0.34617    0.0122952  -0.00882866     0.322214     0.341619    -0.171577    -0.383163     0.011189      -0.7466    -0.483811     0.879549      0.28919    -0.725726   -0.0242818     0.148844    0.0664739    -0.251053   -0.0988024     0.120929     -0.16298     0.468524     0.570981   -0.0782207    -0.740073     0.793794      -1.2296    -0.157478    -0.274603      0.48144
  -0.0588466   -0.0601476     0.479515   -0.0222049    -0.022953     0.627141      0.64685     0.462741  -0.00347413     0.306569    0.0358035    -0.601422    0.0314781     0.601312    -0.700693    0.0158821    -0.222205      0.12931    -0.746187     0.381049   -0.0086567    -0.183643    -0.286963    0.0972558     0.140518    -0.280441     0.354728     0.201622  -0.00142369     -0.14324     0.469217    -0.262258     0.348464     -0.33371    -0.569151   0.00893996        0.331   -0.0369197     0.473776    -0.139714     0.211635    0.0741636     0.184496     0.278588    0.0865008     0.372942     0.107412     0.266715    0.0214889     0.248049
  -0.0314728    0.0643261     0.930196     0.171258    -0.319201      0.64685      1.41863      0.81425     0.136804     0.910068    -0.162819     -1.15801     0.130212      0.64612    -0.319309     0.111789     0.100176     0.288213     -1.31517     0.733377    -0.424879    -0.155875    -0.262038     0.115712    -0.028488    -0.870731     0.411004     0.553259    -0.363925   -0.0352545       0.8846     -0.70085     0.668663     0.100136    -0.617795   -0.0209342     0.180925    0.0784811     0.755237    -0.282616     0.597124   -0.0541254    -0.351579     0.298936     0.528787    -0.175242     0.661436     0.478469    0.0523489   -0.0587497
    -0.12083     0.177149      1.71725     0.470014     0.132761     0.462741      0.81425      1.19763     0.221628     0.324228     0.201369    -0.895886     0.123593     0.242049   -0.0694624    -0.384496     0.206037    0.0748533    -0.726995      1.16165     0.193178    -0.213035    -0.222683     0.160328    -0.255843    -0.599374    -0.299776     0.289425    -0.378527    -0.238971  -0.00695626      0.10191     0.610255    -0.500331    -0.441783     0.366262   -0.0648295     0.362791     0.290068    -0.263024      0.52066    0.0750688    -0.253635     0.415288    -0.100135   -0.0287032    -0.011974     0.293357    -0.139581     0.186472
   0.0799392     0.198329     0.169713     0.349618  -0.00328972  -0.00347413     0.136804     0.221628     0.268586    0.0749497  -0.00806144   -0.0855443   -0.0479532    0.0230988     0.305238    -0.201652     0.210021    0.0834612  -0.00502856     0.247294    -0.110788     0.110126     0.165668     0.300304    0.0837621    -0.220884     -0.22864     0.307863    -0.242254     0.019646    -0.144252     0.138081     0.185975   -0.0437226   -0.0276885     0.122922    -0.336601     0.153467    -0.124292     0.134101     0.312187    0.0570447    -0.241954   -0.0258576       0.0362   -0.0956645    0.0841327     0.293953    -0.227299    0.0411264
   0.0224452   -0.0199509     0.339611   -0.0109122    -0.531427     0.306569     0.910068     0.324228    0.0749497       1.0039    -0.299657    -0.781914    0.0894803     0.271775     0.127399      0.34339     0.254955     0.212603    -0.967653     0.253384    -0.629848   -0.0582683   -0.0971306    -0.134175    -0.175185    -0.748126     0.411145     0.402342    -0.311707     0.156479     0.883955    -0.883394     0.350347     0.643611    -0.183284     -0.18785     0.110606     0.031305     0.603136    -0.269192     0.385551    -0.193218    -0.523681    0.0763312     0.681764    -0.613624     0.853898     0.178661     0.186351    -0.435262
   -0.100659   -0.0898595     0.819791    0.0671016    0.0843624    0.0358035    -0.162819     0.201369  -0.00806144    -0.299657     0.415049     0.285841    -0.196433     0.101069   -0.0100148    -0.273442    0.0134458   -0.0633763   -0.0116427     0.417279     0.253569    -0.303352    -0.136636    0.0360352    -0.222241     0.177424    -0.283503    -0.117449     0.142942    0.0902465    -0.367197     0.222316    -0.158627    -0.404353   -0.0665009     0.222517    0.0166119     0.234628    -0.185011   -0.0666303   -0.0739668    -0.060742    0.0867365     0.232296    -0.250368     0.105617     -0.12191   -0.0511588    0.0306524     0.181963
    0.143282    -0.114452    -0.595599     0.100163    -0.299798    -0.601422     -1.15801    -0.895886   -0.0855443    -0.781914     0.285841      2.04218    -0.910327     0.203723     0.760732    -0.278596     0.196576    0.0281491     0.785723    -0.410247    -0.277583    -0.224581     0.352209     0.533471     0.146464      0.77933    -0.434505     0.111938     0.454973     0.902999     -0.82367     0.312794     -1.00072   0.00762927     0.388829    0.0414995     -0.50735     0.288668     -0.99778     0.539842    -0.299103    -0.276155     0.011766    -0.178034   -0.0130447   -0.0510346     0.381027      0.17347   -0.0955568      0.10829
   -0.115818    0.0390403    -0.207205    -0.304575     0.469379    0.0314781     0.130212     0.123593   -0.0479532    0.0894803    -0.196433    -0.910327     0.906816    -0.751695    -0.388299     0.269236    -0.249997    -0.245961     0.243471    -0.246865     0.519443     0.344612    -0.131504     -0.66723     -0.18159   -0.0645398     0.149147    -0.571656    -0.148642    -0.773479     0.185639     0.118206     0.379559    0.0790098     0.184331   -0.0819034     0.361437    -0.373474      0.35931    -0.329723    -0.219205     0.218605     0.181922    -0.105197    -0.297061    0.0781363    -0.768306    -0.583919     0.147727    -0.152715
    0.148351  -0.00758526   0.00736728      0.29871     -0.41522     0.601312      0.64612     0.242049    0.0230988     0.271775     0.101069     0.203723    -0.751695      1.73672    -0.671984    -0.178423    -0.175039     0.484906     -0.99425     0.378427    -0.625947     -0.35216   -0.0850093       1.0106     0.791647     -0.21188     0.474659     0.971374      0.16194     0.539879     0.479883    -0.362423      0.11701    -0.514392    -0.978636   -0.0199582   -0.0227843     0.129792     0.232657     0.397335     0.518532   0.00180789     0.206359     0.272227     0.454207     0.687893     0.839107      1.13939    -0.272174     0.605846
    0.123876     0.229444     0.789518     0.617303      -0.5891    -0.700693    -0.319309   -0.0694624     0.305238     0.127399   -0.0100148     0.760732    -0.388299    -0.671984      2.24276    -0.292374      1.12553     0.033073     0.334562     0.435099    -0.598301   -0.0126207      0.54321     0.178678     -0.70915    -0.335506    -0.971751      0.36691    -0.498275      0.78131    -0.647669    -0.059463    -0.368673     0.881346     0.839688      0.22242     -1.02721      0.67495    -0.773209    0.0739397     0.339944    -0.472506     -1.25375    -0.209708     0.421998     -1.54454     0.885985    0.0566666   -0.0693445    -0.742934
  -0.0702579    -0.265094    -0.593021    -0.602699    -0.225532    0.0158821     0.111789    -0.384496    -0.201652      0.34339    -0.273442    -0.278596     0.269236    -0.178423    -0.292374     0.709337    -0.187315   -0.0664145    -0.218852    -0.556235    -0.168696    0.0200102     -0.19702    -0.641787     -0.19123   -0.0120139     0.579835    -0.346625     0.160323   -0.0588964     0.683695    -0.643255    -0.114348     0.636162     0.147821    -0.369928     0.520129    -0.350619      0.44481    -0.299916    -0.341512    -0.141918    0.0549637   -0.0966527     0.296104    -0.247154     0.210866    -0.487219     0.431958    -0.421433
   0.0520703     0.136791     0.810938     0.417566    -0.410773    -0.222205     0.100176     0.206037     0.210021     0.254955    0.0134458     0.196576    -0.249997    -0.175039      1.12553    -0.187315     0.786329    0.0944189    -0.145729     0.505128    -0.417888    -0.106163     0.228827     0.160443    -0.424671    -0.380657    -0.497425     0.345045    -0.346175     0.457735    -0.220775    -0.176824   -0.0760938     0.451564     0.288123     0.175851    -0.548317      0.46205    -0.286103    -0.027939     0.341972    -0.291759    -0.769236  -0.00286308     0.325152     -0.89705     0.659552     0.154741   -0.0469642    -0.405516
    0.118619     0.101207    -0.137084     0.237469    -0.208348      0.12931     0.288213    0.0748533    0.0834612     0.212603   -0.0633763    0.0281491    -0.245961     0.484906     0.033073   -0.0664145    0.0944189     0.336938    -0.316037      0.10621    -0.379027   -0.0102462     0.112889     0.449965      0.31269    -0.208006      0.11124     0.488237   -0.0985605     0.239486     0.174557    -0.153466     0.111292  9.74979e-05    -0.259894   -0.0234687    -0.207648    0.0681072    0.0368561     0.212911     0.314148  -0.00395044     -0.11907  -0.00464372     0.269508    0.0551592     0.413687     0.508945    -0.185696     0.123803
    0.156824     0.268787     -1.53721    0.0898976     0.718491    -0.746187     -1.31517    -0.726995  -0.00502856    -0.967653   -0.0116427     0.785723     0.243471     -0.99425     0.334562    -0.218852    -0.145729    -0.316037      1.88108    -0.903903     0.603619     0.647177     0.515012    0.0736887     0.390684     0.784909    -0.535115    -0.471011    0.0648042    -0.402002     -1.06547      1.16375    -0.286108    -0.229518     0.691423    0.0608278    -0.460214    -0.239602    -0.836426     0.502066    -0.416398     0.380908     0.384009    -0.541525    -0.745228     0.412351     -1.18894     -0.33155    -0.386833     0.202528
   -0.172532    0.0687962       2.5932     0.592651    -0.161843     0.381049     0.733377      1.16165     0.247294     0.253384     0.417279    -0.410247    -0.246865     0.378427     0.435099    -0.556235     0.505128      0.10621    -0.903903      1.70145    0.0460998    -0.587672    -0.244441     0.223178    -0.622704    -0.575651    -0.598934     0.362265    -0.317804     0.230932    -0.244086   -0.0109456     0.297096    -0.459981    -0.366587     0.516079    -0.227499     0.710344     0.055565    -0.348445     0.551674    -0.207856     -0.54121     0.583023     0.016758    -0.419827     0.425144     0.327989   -0.0126441    0.0780446
   -0.229085   -0.0412701     0.397257    -0.220707     0.796295   -0.0086567    -0.424879     0.193178    -0.110788    -0.629848     0.253569    -0.277583     0.519443    -0.625947    -0.598301    -0.168696    -0.417888    -0.379027     0.603619    0.0460998      1.17761    0.0394862    -0.263479    -0.491213    -0.233591     0.477995    -0.251674    -0.827131     0.171107    -0.759384    -0.547452     0.773266    0.0763315    -0.716309    0.0868279     0.213999     0.379608    -0.168967   -0.0697603    -0.245255    -0.454091     0.277677     0.603095     0.122961    -0.872196      0.59541     -1.28342    -0.647519     0.048974      0.31831
    0.207151     0.339707     -1.35188     0.181746      0.34617    -0.183643    -0.155875    -0.213035     0.110126   -0.0582683    -0.303352    -0.224581     0.344612     -0.35216   -0.0126207    0.0200102    -0.106163   -0.0102462     0.647177    -0.587672    0.0394862     0.766649     0.379404     0.241935     0.584056   -0.0113581    0.0191029     0.132953    -0.245992    -0.417753   -0.0934867     0.406058     0.312402    0.0432678     0.149327   -0.0896606    -0.308473    -0.309979    -0.122727     0.372199     0.130443     0.357996    0.0980036     -0.41586    -0.124604     0.305635    -0.481687     0.180368    -0.384562     0.103853
    0.256302     0.316959    -0.811609     0.435669    0.0122952    -0.286963    -0.262038    -0.222683     0.165668   -0.0971306    -0.136636     0.352209    -0.131504   -0.0850093      0.54321     -0.19702     0.228827     0.112889     0.515012    -0.244441    -0.263479     0.379404     0.604493     0.556078     0.458952   -0.0219095    -0.264544     0.430003    -0.242041     0.130244    -0.344263     0.340667    0.0280615    0.0830946     0.167296    0.0267239    -0.633039    0.0404182    -0.412945     0.471682      0.28956     0.149664    -0.202919    -0.325399    0.0559008   -0.0210902    0.0413436     0.444225    -0.424265    0.0729649
    0.392049     0.527922    -0.660167     0.970337  -0.00882866    0.0972558     0.115712     0.160328     0.300304    -0.134175    0.0360352     0.533471     -0.66723       1.0106     0.178678    -0.641787     0.160443     0.449965    0.0736887     0.223178    -0.491213     0.241935     0.556078      1.70979      1.16251    -0.135277    -0.244383      1.22349    -0.256921      0.36506    -0.409101     0.565651     0.256875    -0.652527    -0.561034     0.218455    -0.922378       0.2589    -0.497937     0.943138     0.805936     0.291924   -0.0306893    -0.138345     0.116632     0.681395     0.300072      1.46971    -0.900673     0.761948
    0.392569     0.420255      -1.9896     0.440571     0.322214     0.140518    -0.028488    -0.255843    0.0837621    -0.175185    -0.222241     0.146464     -0.18159     0.791647     -0.70915     -0.19123    -0.424671      0.31269     0.390684    -0.622704    -0.233591     0.584056     0.458952      1.16251      1.62854     0.122771     0.348919     0.794816   -0.0345696    -0.155444   -0.0081861     0.542071     0.361873    -0.596177    -0.562674    -0.119174    -0.406873     -0.35132     -0.11828     0.904291     0.416554      0.58038      0.55516    -0.353544    -0.050144      1.22798    -0.291226      1.07668    -0.776378     0.805869
  -0.0460676    -0.173371    -0.695591    -0.340763     0.341619    -0.280441    -0.870731    -0.599374    -0.220884    -0.748126     0.177424      0.77933   -0.0645398     -0.21188    -0.335506   -0.0120139    -0.380657    -0.208006     0.784909    -0.575651     0.477995   -0.0113581   -0.0219095    -0.135277     0.122771     0.905235   -0.0360407     -0.54887      0.47428   -0.0735853    -0.481126     0.479462    -0.493163    -0.338944     0.211358   -0.0325672     0.200306    -0.205859    -0.374904     0.147793    -0.582497    0.0835199      0.60704    -0.105194     -0.47764     0.528863    -0.646086    -0.379113     0.059341     0.256841
  0.00580271    -0.240117    -0.972115    -0.573859    -0.171577     0.354728     0.411004    -0.299776     -0.22864     0.411145    -0.283503    -0.434505     0.149147     0.474659    -0.971751     0.579835    -0.497425      0.11124    -0.535115    -0.598934    -0.251674    0.0191029    -0.264544    -0.244383     0.348919   -0.0360407      1.05701   -0.0465803     0.248954    -0.120879     0.979025    -0.694676     0.098137      0.24793    -0.356799    -0.427321     0.655889    -0.491672     0.666487   -0.0940224    -0.176161    0.0231931     0.401136   -0.0292203     0.330965     0.378035     0.208702   -0.0230299     0.247845  -0.00237901
    0.340698     0.400734    -0.268733     0.819697    -0.383163     0.201622     0.553259     0.289425     0.307863     0.402342    -0.117449     0.111938    -0.571656     0.971374      0.36691    -0.346625     0.345045     0.488237    -0.471011     0.362265    -0.827131     0.132953     0.430003      1.22349     0.794816     -0.54887   -0.0465803      1.37137    -0.384508     0.504421     0.106311   -0.0690059     0.338743   -0.0924994     -0.49875    0.0736483    -0.766324     0.282372    -0.122237      0.61252     0.892507     0.101476    -0.419845    -0.065104     0.523841    0.0894221      0.84203      1.28609    -0.615351     0.304399
      -0.111    -0.316285    -0.221583    -0.451634     0.011189  -0.00142369    -0.363925    -0.378527    -0.242254    -0.311707     0.142942     0.454973    -0.148642      0.16194    -0.498275     0.160323    -0.346175   -0.0985605    0.0648042    -0.317804     0.171107    -0.245992    -0.242041    -0.256921   -0.0345696      0.47428     0.248954    -0.384508     0.580289     0.100572    0.0377156   -0.0789096    -0.407429     -0.13158   -0.0280151    -0.120613     0.432547    -0.145001    0.0247815   -0.0757754    -0.469083   -0.0842328     0.448022    0.0895477    -0.124473     0.312497    -0.116917    -0.312981     0.264689    0.0942928
   0.0874648    -0.135078     0.391921     0.162177      -0.7466     -0.14324   -0.0352545    -0.238971     0.019646     0.156479    0.0902465     0.902999    -0.773479     0.539879      0.78131   -0.0588964     0.457735     0.239486    -0.402002     0.230932    -0.759384    -0.417753     0.130244      0.36506    -0.155444   -0.0735853    -0.120879     0.504421     0.100572      1.08099    0.0169443    -0.511337    -0.508224     0.423418    0.0467546   -0.0225405    -0.343532     0.405917    -0.272108     0.124521     0.166323     -0.44613    -0.505916    0.0656315     0.584256    -0.632104      1.14006     0.369334     0.099511    -0.246247
  -0.0428867    -0.262006    -0.332595    -0.535193    -0.483811     0.469217       0.8846  -0.00695626    -0.144252     0.883955    -0.367197     -0.82367     0.185639     0.479883    -0.647669     0.683695    -0.220775     0.174557     -1.06547    -0.244086    -0.547452   -0.0934867    -0.344263    -0.409101   -0.0081861    -0.481126     0.979025     0.106311    0.0377156    0.0169443      1.42446     -1.15369     0.249022     0.633567      -0.3486    -0.440944     0.663498    -0.334891     0.913054    -0.352966    0.0310541    -0.164062   -0.0398667    0.0720063     0.674288    -0.177246     0.708903   -0.0399778     0.425704    -0.343088
    0.103783     0.420464    -0.387889     0.528767     0.879549    -0.262258     -0.70085      0.10191     0.138081    -0.883394     0.222316     0.312794     0.118206    -0.362423    -0.059463    -0.643255    -0.176824    -0.153466      1.16375   -0.0109456     0.773266     0.406058     0.340667     0.565651     0.542071     0.479462    -0.694676   -0.0690059   -0.0789096    -0.511337     -1.15369      1.52957     0.154752    -0.991779    0.0552816     0.357263    -0.512459    0.0109818    -0.663261     0.500112    0.0369041     0.533779     0.454054    -0.158203    -0.873292     0.850332     -1.22971     0.220747     -0.64507     0.697909
   0.0675354     0.314605    0.0482049     0.331593      0.28919     0.348464     0.668663     0.610255     0.185975     0.350347    -0.158627     -1.00072     0.379559      0.11701    -0.368673    -0.114348   -0.0760938     0.111292    -0.286108     0.297096    0.0763315     0.312402    0.0280615     0.256875     0.361873    -0.493163     0.098137     0.338743    -0.407429    -0.508224     0.249022     0.154752     0.853448    -0.290629    -0.378285    0.0784979   -0.0855098    -0.093426     0.363985    0.0451367     0.471888     0.337823  -0.00152339    0.0154422   -0.0468193     0.325539    -0.282947     0.398383    -0.321434     0.245318
   0.0125007    -0.188884    -0.357054    -0.380413    -0.725726     -0.33371     0.100136    -0.500331   -0.0437226     0.643611    -0.404353   0.00762927    0.0790098    -0.514392     0.881346     0.636162     0.451564  9.74979e-05    -0.229518    -0.459981    -0.716309    0.0432678    0.0830946    -0.652527    -0.596177    -0.338944      0.24793   -0.0924994     -0.13158     0.423418     0.633567    -0.991779    -0.290629      1.50596     0.615638    -0.376765    0.0330898    -0.046955     0.180075    -0.320847    -0.139702    -0.462123    -0.736542    -0.252195     0.746077     -1.26933     0.941787    -0.478916      0.48945     -1.00434
  -0.0317531   -0.0573453    -0.176302     -0.18792   -0.0242818    -0.569151    -0.617795    -0.441783   -0.0276885    -0.183284   -0.0665009     0.388829     0.184331    -0.978636     0.839688     0.147821     0.288123    -0.259894     0.691423    -0.366587    0.0868279     0.149327     0.167296    -0.561034    -0.562674     0.211358    -0.356799     -0.49875   -0.0280151    0.0467546      -0.3486    0.0552816    -0.378285     0.615638     0.898222   -0.0433564    -0.145598    0.0246955     -0.34671    -0.153956    -0.363337    -0.182213    -0.333881    -0.242666   -0.0711084    -0.736336    -0.116617    -0.675932     0.228449    -0.560451
  -0.0253673     0.125015     0.763222     0.331985     0.148844   0.00893996   -0.0209342     0.366262     0.122922     -0.18785     0.222517    0.0414995   -0.0819034   -0.0199582      0.22242    -0.369928     0.175851   -0.0234687    0.0608278     0.516079     0.213999   -0.0896606    0.0267239     0.218455    -0.119174   -0.0325672    -0.427321    0.0736483    -0.120613   -0.0225405    -0.440944     0.357263    0.0784979    -0.376765   -0.0433564     0.392883    -0.243439     0.272959    -0.236043    0.0249738     0.172596    0.0190806   -0.0977722     0.136899    -0.226572    0.0220965    -0.162204     0.134287    -0.173567     0.172735
   -0.295443     -0.48061     0.207703    -0.868229    0.0664739        0.331     0.180925   -0.0648295    -0.336601     0.110606    0.0166119     -0.50735     0.361437   -0.0227843     -1.02721     0.520129    -0.548317    -0.207648    -0.460214    -0.227499     0.379608    -0.308473    -0.633039    -0.922378    -0.406873     0.200306     0.655889    -0.766324     0.432547    -0.343532     0.663498    -0.512459   -0.0855098    0.0330898    -0.145598    -0.243439       1.1467    -0.367647     0.656488    -0.591339    -0.596852    -0.100341     0.517793     0.249249   -0.0879211     0.225814    -0.247622     -0.76484     0.628792    -0.124759
  -0.0166471    0.0489525      1.15895     0.395924    -0.251053   -0.0369197    0.0784811     0.362791     0.153467     0.031305     0.234628     0.288668    -0.373474     0.129792      0.67495    -0.350619      0.46205    0.0681072    -0.239602     0.710344    -0.168967    -0.309979    0.0404182       0.2589     -0.35132    -0.205859    -0.491672     0.282372    -0.145001     0.405917    -0.334891    0.0109818    -0.093426    -0.046955    0.0246955     0.272959    -0.367647     0.608117    -0.271553   -0.0239129     0.271003    -0.223204    -0.460697     0.201191    0.0871525    -0.461687     0.445651      0.21454   -0.0619312   -0.0796584
    -0.13555    -0.201968     0.225509     -0.42675   -0.0988024     0.473776     0.755237     0.290068    -0.124292     0.603136    -0.185011     -0.99778      0.35931     0.232657    -0.773209      0.44481    -0.286103    0.0368561    -0.836426     0.055565   -0.0697603    -0.122727    -0.412945    -0.497937     -0.11828    -0.374904     0.666487    -0.122237    0.0247815    -0.272108     0.913054    -0.663261     0.363985     0.180075     -0.34671    -0.236043     0.656488    -0.271553     0.965886    -0.447118   -0.0183489   0.00935022     0.127353     0.199917     0.256363    0.0231107      0.14214    -0.190068     0.346092    -0.147966
    0.303879     0.342687     -1.21065     0.486996     0.120929    -0.139714    -0.282616    -0.263024     0.134101    -0.269192   -0.0666303     0.539842    -0.329723     0.397335    0.0739397    -0.299916    -0.027939     0.212911     0.502066    -0.348445    -0.245255     0.372199     0.471682     0.943138     0.904291     0.147793   -0.0940224      0.61252   -0.0757754     0.124521    -0.352966     0.500112    0.0451367    -0.320847    -0.153956    0.0249738    -0.591339   -0.0239129    -0.447118     0.831386     0.317947     0.273822     0.137091    -0.293616   -0.0371188     0.560132   -0.0504244     0.777062    -0.611261     0.466996
    0.210632     0.379129     0.263957     0.719276     -0.16298     0.211635     0.597124      0.52066     0.312187     0.385551   -0.0739668    -0.299103    -0.219205     0.518532     0.339944    -0.341512     0.341972     0.314148    -0.416398     0.551674    -0.454091     0.130443      0.28956     0.805936     0.416554    -0.582497    -0.176161     0.892507    -0.469083     0.166323    0.0310541    0.0369041     0.471888    -0.139702    -0.363337     0.172596    -0.596852     0.271003   -0.0183489     0.317947     0.869074     0.117001     -0.42939    0.0173354     0.292679   -0.0358225     0.458547     0.891072    -0.476376     0.194624
    0.114524     0.236288    -0.691957     0.182135     0.468524    0.0741636   -0.0541254    0.0750688    0.0570447    -0.193218    -0.060742    -0.276155     0.218605   0.00180789    -0.472506    -0.141918    -0.291759  -0.00395044     0.380908    -0.207856     0.277677     0.357996     0.149664     0.291924      0.58038    0.0835199    0.0231931     0.101476   -0.0842328     -0.44613    -0.164062     0.533779     0.337823    -0.462123    -0.182213    0.0190806    -0.100341    -0.223204   0.00935022     0.273822     0.117001     0.527495     0.364103    -0.122443    -0.330147     0.662426    -0.638197      0.23534    -0.363097      0.41323
   -0.054973    -0.115705    -0.901259    -0.383556     0.570981     0.184496    -0.351579    -0.253635    -0.241954    -0.523681    0.0867365     0.011766     0.181922     0.206359     -1.25375    0.0549637    -0.769236     -0.11907     0.384009     -0.54121     0.603095    0.0980036    -0.202919   -0.0306893      0.55516      0.60704     0.401136    -0.419845     0.448022    -0.505916   -0.0398667     0.454054  -0.00152339    -0.736542    -0.333881   -0.0977722     0.517793    -0.460697     0.127353     0.137091     -0.42939     0.364103      1.09881  -0.00560006    -0.535926      1.17044    -0.917735    -0.120045   -0.0519411     0.606607
   -0.168211    -0.166933      1.14408   -0.0452809   -0.0782207     0.278588     0.298936     0.415288   -0.0258576    0.0763312     0.232296    -0.178034    -0.105197     0.272227    -0.209708   -0.0966527  -0.00286308  -0.00464372    -0.541525     0.583023     0.122961     -0.41586    -0.325399    -0.138345    -0.353544    -0.105194   -0.0292203    -0.065104    0.0895477    0.0656315    0.0720063    -0.158203    0.0154422    -0.252195    -0.242666     0.136899     0.249249     0.201191     0.199917    -0.293616    0.0173354    -0.122443  -0.00560006     0.458407   -0.0286585   -0.0324856     0.129979   -0.0712649     0.189266    0.0514412
   0.0963381   -0.0648193   -0.0580958 -0.000483088    -0.740073    0.0865008     0.528787    -0.100135       0.0362     0.681764    -0.250368   -0.0130447    -0.297061     0.454207     0.421998     0.296104     0.325152     0.269508    -0.745228     0.016758    -0.872196    -0.124604    0.0559008     0.116632    -0.050144     -0.47764     0.330965     0.523841    -0.124473     0.584256     0.674288    -0.873292   -0.0468193     0.746077   -0.0711084    -0.226572   -0.0879211    0.0871525     0.256363   -0.0371188     0.292679    -0.330147    -0.535926   -0.0286585     0.908107    -0.652892      1.14357     0.329335     0.161198    -0.423011
     0.11217     0.173862     -1.26394    0.0516295     0.793794     0.372942    -0.175242   -0.0287032   -0.0956645    -0.613624     0.105617   -0.0510346    0.0781363     0.687893     -1.54454    -0.247154     -0.89705    0.0551592     0.412351    -0.419827      0.59541     0.305635   -0.0210902     0.681395      1.22798     0.528863     0.378035    0.0894221     0.312497    -0.632104    -0.177246     0.850332     0.325539     -1.26933    -0.736336    0.0220965     0.225814    -0.461687    0.0231107     0.560132   -0.0358225     0.662426      1.17044   -0.0324856    -0.652892      1.91833     -1.08042     0.541769    -0.524943      1.12667
     0.10197    -0.166286     0.621201     0.154304      -1.2296     0.107412     0.661436    -0.011974    0.0841327     0.853898     -0.12191     0.381027    -0.768306     0.839107     0.885985     0.210866     0.659552     0.413687     -1.18894     0.425144     -1.28342    -0.481687    0.0413436     0.300072    -0.291226    -0.646086     0.208702      0.84203    -0.116917      1.14006     0.708903     -1.22971    -0.282947     0.941787    -0.116617    -0.162204    -0.247622     0.445651      0.14214   -0.0504244     0.458547    -0.638197    -0.917735     0.129979      1.14357     -1.08042      1.99879     0.541579     0.247138    -0.578999
    0.369861     0.465241    -0.475626     0.882612    -0.157478     0.266715     0.478469     0.293357     0.293953     0.178661   -0.0511588      0.17347    -0.583919      1.13939    0.0566666    -0.487219     0.154741     0.508945     -0.33155     0.327989    -0.647519     0.180368     0.444225      1.46971      1.07668    -0.379113   -0.0230299      1.28609    -0.312981     0.369334   -0.0399778     0.220747     0.398383    -0.478916    -0.675932     0.134287     -0.76484      0.21454    -0.190068     0.777062     0.891072      0.23534    -0.120045   -0.0712649     0.329335     0.541769     0.541579      1.56893      -0.7777     0.634208
   -0.258966    -0.447102     0.641632    -0.650998    -0.274603    0.0214889    0.0523489    -0.139581    -0.227299     0.186351    0.0306524   -0.0955568     0.147727    -0.272174   -0.0693445     0.431958   -0.0469642    -0.185696    -0.386833   -0.0126441     0.048974    -0.384562    -0.424265    -0.900673    -0.776378     0.059341     0.247845    -0.615351     0.264689     0.099511     0.425704     -0.64507    -0.321434      0.48945     0.228449    -0.173567     0.628792   -0.0619312     0.346092    -0.611261    -0.476376    -0.363097   -0.0519411     0.189266     0.161198    -0.524943     0.247138      -0.7777     0.781217    -0.500255
        0.11     0.216041    -0.376571     0.329707      0.48144     0.248049   -0.0587497     0.186472    0.0411264    -0.435262     0.181963      0.10829    -0.152715     0.605846    -0.742934    -0.421433    -0.405516     0.123803     0.202528    0.0780446      0.31831     0.103853    0.0729649     0.761948     0.805869     0.256841  -0.00237901     0.304399    0.0942928    -0.246247    -0.343088     0.697909     0.245318     -1.00434    -0.560451     0.172735    -0.124759   -0.0796584    -0.147966     0.466996     0.194624      0.41323     0.606607    0.0514412    -0.423011      1.12667    -0.578999     0.634208    -0.500255     0.953637
